t=0:1:2

t =

     0     1     2

a1=2*t

a1 =

     0     2     4

plot(a1)